000000000000000000000000000000000000000000000000000000000000000000000000000
000000000000000000000000000000000000000000000000000000000000000000000000100
000000000000000000000000000000000000001000000000000010100000000000000000000
000000000000000000000000000010110010101100101010010010110011101001100010100
000000000000000000000000000110110101101101101010101011011101010101011010000
000000000000000000000000000110110110101101000000101111010101010101011100000
000000000000000000000000000000000000000000000000000000000000000000000100000
000000000000000000000000000000000000000000000000000000000000000000000000000
000000000000000000000000000000000000000000000000000000000000000000000000000
000000000000000000000000000000000000000000000000000000000000000000000000000
000000000000000000000000000000000001100000000000000000000000000000000000000
000000000000011110111000111001100001000000000100000000000000000000000000000
000000000000110001101101001101000011000000000101000010110001000000000000000
000000000000100001000101001101000010011011010101001010110111101111000000000
000000000000100001000111001101000010001011001101011010110101101011000000000
000000000000100101001101001001001010001101101101011010100101101011000000000
000000000000011100111001111011110010001101001101011010110111101011000000000
000000000000000000000000000000000010000000000000000000000000000000000000000
000000000000000000000000000000000000000000000000000000000000000000000000000
000000000000000000000000000000000000000000000000000000000000000000000000000
000000000000000000001000000000000000000000000000100000000000000000000000000
000000000000000000001000000000000000000000000000100000000000000000000000000
000000000000000000000000100110010000000100100110000000000100000000000000000
000000000000000000011010110100101011010101000100101111001010000000000000000
000000000000000000010010110101110010011101100100101101010010000000000000000
000000000000000000010110100101100010010000110101101001010110000000000000000
000000000000000000010110101110110110011101110111101011011110000000000000000
000000000000000000000000000000000000000000000000000000000100000000000000000
000000000000000000000000000000000000000000000000000000011100000000000000000
000000000000000000000000000000000000000000000000000000000000000000000000000
000000000000000000000000000000000000000000000000000000000000011000000000000
000000000000000100000000000011000000000000000000000000000010001000000000000
000000000000000101000110001010000010000100100100100000000110001000000000000
000000000000000101001010101010100101011101010110101101001010011000000000000
000000000000000101010010100011001001010011010110101101010010011000000000000
000000000000001101010110100011101011010011010100101001010010010000000000000
000000000000001111011110111010111111010001100111101001011110010000000000000
000000000000000000000000000000000011000000000000000000000000100000000000000
000000000000000000000000000000001110000000000000000000000000000000000000000
000000000000000000000000000000000000000000000000000000000000000000000000000
000000000000000000000000000000000000000000000000000000000000000000000000000
000000000000000000000000000000000010100000000000100000000000000000000000000
000000000000010001000000100000000010100000000000000000000000000000000000000
000000001010101011110101011101101010111111010110101111110000000000000000000
000000001010101101110111101001001010101110010100101101010000000000000000000
000000001110110011011101111001101011111111110100110111110000000000000000000
000000000000000000000000000000000000000000000000000000010000000000000000000
000000000000000000000000000000000000000000000000000000100000000000000000000